"","V1","V2","V3","V4","V5","V6","V7","V8","V9","V10","V11","V12","V13","V14","V15","V16","V17","V18","V19","V20","V21","V22","V23","V24","V25","V26","V27","V28","V29","V30"
"1",1733.684403,0,17.5119636666667,0,0,0,0,0,160.845597,0,1.624703,0,0,0,0,0,0,0,0,0,0,0,0,0,0,0,0,0,0,0
"2",1733.684403,0,17.5119636666667,0,0,0,0,0,160.845597,0,1.624703,0,0,0,0,0,0,0,0,0,0,0,0,0,0,0,0,0,0,0
"3",1733.684403,0,17.5119636666667,0,0,0,0,0,160.845597,0,1.624703,0,0,0,0,0,0,0,0,0,0,0,0,0,0,0,0,0,0,0
"4",1733.684403,0,17.5119636666667,0,0,0,0,0,160.845597,0,1.624703,0,0,0,0,0,0,0,0,0,0,0,0,0,0,0,0,0,0,0
"5",1733.684403,0,17.5119636666667,0,0,0,0,0,160.845597,0,1.624703,0,0,0,0,0,0,0,0,0,0,0,0,0,0,0,0,0,0,0
"6",1733.684403,0,17.5119636666667,0,0,0,0,0,160.845597,0,1.624703,0,0,0,0,0,0,0,0,0,0,0,0,0,0,0,0,0,0,0
"7",1733.684403,0,17.5119636666667,0,0,0,0,0,160.845597,0,1.624703,0,0,0,0,0,0,0,0,0,0,0,0,0,0,0,0,0,0,0
"8",1733.684403,0,17.5119636666667,0,0,0,0,0,160.845597,0,1.624703,0,0,0,0,0,0,0,0,0,0,0,0,0,0,0,0,0,0,0
"9",1733.684403,0,17.5119636666667,0,0,0,0,0,160.845597,0,1.624703,0,0,0,0,0,0,0,0,0,0,0,0,0,0,0,0,0,0,0
"10",1733.684403,0,17.5119636666667,0,0,0,0,0,160.845597,0,1.624703,0,0,0,0,0,0,0,0,0,0,0,0,0,0,0,0,0,0,0
"11",1733.684403,0,17.5119636666667,0,0,0,0,0,160.845597,0,1.624703,0,0,0,0,0,0,0,0,0,0,0,0,0,0,0,0,0,0,0
"12",1733.684403,0,17.5119636666667,0,0,0,0,0,160.845597,0,1.624703,0,0,0,0,0,0,0,0,0,0,0,0,0,0,0,0,0,0,0
"13",1733.684403,0,17.5119636666667,0,0,0,0,0,160.845597,0,1.624703,0,0,0,0,0,0,0,0,0,0,0,0,0,0,0,0,0,0,0
"14",1733.684403,0,17.5119636666667,0,0,0,0,0,160.845597,0,1.624703,0,0,0,0,0,0,0,0,0,0,0,0,0,0,0,0,0,0,0
"15",1733.684403,0,17.5119636666667,0,0,0,0,0,160.845597,0,1.624703,0,0,0,0,0,0,0,0,0,0,0,0,0,0,0,0,0,0,0
"16",1733.684403,0,17.5119636666667,0,0,0,0,0,160.845597,0,1.624703,0,0,0,0,0,0,0,0,0,0,0,0,0,0,0,0,0,0,0
"17",1733.684403,0,17.5119636666667,0,0,0,0,0,160.845597,0,1.624703,0,0,0,0,0,0,0,0,0,0,0,0,0,0,0,0,0,0,0
"18",1733.684403,0,17.5119636666667,0,0,0,0,0,160.845597,0,1.624703,0,0,0,0,0,0,0,0,0,0,0,0,0,0,0,0,0,0,0
"19",1733.684403,0,17.5119636666667,0,0,0,0,0,160.845597,0,1.624703,0,0,0,0,0,0,0,0,0,0,0,0,0,0,0,0,0,0,0
"20",1733.684403,0,17.5119636666667,0,0,0,0,0,160.845597,0,1.624703,0,0,0,0,0,0,0,0,0,0,0,0,0,0,0,0,0,0,0
"21",1733.684403,0,17.5119636666667,0,0,0,0,0,160.845597,0,1.624703,0,0,0,0,0,0,0,0,0,0,0,0,0,0,0,0,0,0,0
"22",1733.684403,0,17.5119636666667,0,0,0,0,0,160.845597,0,1.624703,0,0,0,0,0,0,0,0,0,0,0,0,0,0,0,0,0,0,0
"23",1733.684403,0,17.5119636666667,0,0,0,0,0,160.845597,0,1.624703,0,0,0,0,0,0,0,0,0,0,0,0,0,0,0,0,0,0,0
"24",1733.684403,0,17.5119636666667,0,0,0,0,0,160.845597,0,1.624703,0,0,0,0,0,0,0,0,0,0,0,0,0,0,0,0,0,0,0
"25",1733.684403,0,17.5119636666667,0,0,0,0,0,160.845597,0,1.624703,0,0,0,0,0,0,0,0,0,0,0,0,0,0,0,0,0,0,0
"26",1733.684403,0,17.5119636666667,0,0,0,0,0,160.845597,0,1.624703,0,0,0,0,0,0,0,0,0,0,0,0,0,0,0,0,0,0,0
"27",1733.684403,0,17.5119636666667,0,0,0,0,0,160.845597,0,1.624703,0,0,0,0,0,0,0,0,0,0,0,0,0,0,0,0,0,0,0
"28",1733.684403,0,17.5119636666667,0,0,0,0,0,160.845597,0,1.624703,0,0,0,0,0,0,0,0,0,0,0,0,0,0,0,0,0,0,0
"29",1733.684403,0,17.5119636666667,0,0,0,0,0,160.845597,0,1.624703,0,0,0,0,0,0,0,0,0,0,0,0,0,0,0,0,0,0,0
"30",1733.684403,0,17.5119636666667,0,0,0,0,0,160.845597,0,1.624703,0,0,0,0,0,0,0,0,0,0,0,0,0,0,0,0,0,0,0
"31",1733.684403,0,17.5119636666667,0,0,0,0,0,160.845597,0,1.624703,0,0,0,0,0,0,0,0,0,0,0,0,0,0,0,0,0,0,0
"32",1733.684403,0,17.5119636666667,0,0,0,0,0,160.845597,0,1.624703,0,0,0,0,0,0,0,0,0,0,0,0,0,0,0,0,0,0,0
"33",1733.684403,0,17.5119636666667,0,0,0,0,0,160.845597,0,1.624703,0,0,0,0,0,0,0,0,0,0,0,0,0,0,0,0,0,0,0
"34",1733.684403,0,17.5119636666667,0,0,0,0,0,160.845597,0,1.624703,0,0,0,0,0,0,0,0,0,0,0,0,0,0,0,0,0,0,0
"35",1733.684403,0,17.5119636666667,0,0,0,0,0,160.845597,0,1.624703,0,0,0,0,0,0,0,0,0,0,0,0,0,0,0,0,0,0,0
"36",1733.684403,0,17.5119636666667,0,0,0,0,0,160.845597,0,1.624703,0,0,0,0,0,0,0,0,0,0,0,0,0,0,0,0,0,0,0
"37",1733.684403,0,17.5119636666667,0,0,0,0,0,160.845597,0,1.624703,0,0,0,0,0,0,0,0,0,0,0,0,0,0,0,0,0,0,0
"38",1733.684403,0,17.5119636666667,0,0,0,0,0,160.845597,0,1.624703,0,0,0,0,0,0,0,0,0,0,0,0,0,0,0,0,0,0,0
"39",1733.684403,0,17.5119636666667,0,0,0,0,0,160.845597,0,1.624703,0,0,0,0,0,0,0,0,0,0,0,0,0,0,0,0,0,0,0
"40",1733.684403,0,17.5119636666667,0,0,0,0,0,160.845597,0,1.624703,0,0,0,0,0,0,0,0,0,0,0,0,0,0,0,0,0,0,0
"41",1733.684403,0,17.5119636666667,0,0,0,0,0,160.845597,0,1.624703,0,0,0,0,0,0,0,0,0,0,0,0,0,0,0,0,0,0,0
"42",1733.684403,0,17.5119636666667,0,0,0,0,0,160.845597,0,1.624703,0,0,0,0,0,0,0,0,0,0,0,0,0,0,0,0,0,0,0
"43",1733.684403,0,17.5119636666667,0,0,0,0,0,160.845597,0,1.624703,0,0,0,0,0,0,0,0,0,0,0,0,0,0,0,0,0,0,0
"44",1733.684403,0,17.5119636666667,0,0,0,0,0,160.845597,0,1.624703,0,0,0,0,0,0,0,0,0,0,0,0,0,0,0,0,0,0,0
"45",1733.684403,0,17.5119636666667,0,0,0,0,0,160.845597,0,1.624703,0,0,0,0,0,0,0,0,0,0,0,0,0,0,0,0,0,0,0
"46",1733.684403,0,17.5119636666667,0,0,0,0,0,160.845597,0,1.624703,0,0,0,0,0,0,0,0,0,0,0,0,0,0,0,0,0,0,0
"47",1733.684403,0,17.5119636666667,0,0,0,0,0,160.845597,0,1.624703,0,0,0,0,0,0,0,0,0,0,0,0,0,0,0,0,0,0,0
"48",1733.684403,0,17.5119636666667,0,0,0,0,0,160.845597,0,1.624703,0,0,0,0,0,0,0,0,0,0,0,0,0,0,0,0,0,0,0
"49",1733.684403,0,17.5119636666667,0,0,0,0,0,160.845597,0,1.624703,0,0,0,0,0,0,0,0,0,0,0,0,0,0,0,0,0,0,0
"50",1733.684403,0,17.5119636666667,0,0,0,0,0,160.845597,0,1.624703,0,0,0,0,0,0,0,0,0,0,0,0,0,0,0,0,0,0,0
"51",1733.684403,0,17.5119636666667,0,0,0,0,0,160.845597,0,1.624703,0,0,0,0,0,0,0,0,0,0,0,0,0,0,0,0,0,0,0
"52",1733.684403,0,17.5119636666667,0,0,0,0,0,160.845597,0,1.624703,0,0,0,0,0,0,0,0,0,0,0,0,0,0,0,0,0,0,0
"53",1733.684403,0,17.5119636666667,0,0,0,0,0,160.845597,0,1.624703,0,0,0,0,0,0,0,0,0,0,0,0,0,0,0,0,0,0,0
"54",1733.684403,0,17.5119636666667,0,0,0,0,0,160.845597,0,1.624703,0,0,0,0,0,0,0,0,0,0,0,0,0,0,0,0,0,0,0
"55",1733.684403,0,17.5119636666667,0,0,0,0,0,160.845597,0,1.624703,0,0,0,0,0,0,0,0,0,0,0,0,0,0,0,0,0,0,0
"56",1733.684403,0,17.5119636666667,0,0,0,0,0,160.845597,0,1.624703,0,0,0,0,0,0,0,0,0,0,0,0,0,0,0,0,0,0,0
"57",1733.684403,0,17.5119636666667,0,0,0,0,0,160.845597,0,1.624703,0,0,0,0,0,0,0,0,0,0,0,0,0,0,0,0,0,0,0
"58",1733.684403,0,17.5119636666667,0,0,0,0,0,160.845597,0,1.624703,0,0,0,0,0,0,0,0,0,0,0,0,0,0,0,0,0,0,0
"59",1733.684403,0,17.5119636666667,0,0,0,0,0,160.845597,0,1.624703,0,0,0,0,0,0,0,0,0,0,0,0,0,0,0,0,0,0,0
"60",1733.684403,0,17.5119636666667,0,0,0,0,0,160.845597,0,1.624703,0,0,0,0,0,0,0,0,0,0,0,0,0,0,0,0,0,0,0
"61",97118.638749,0,980.996351,0,0,0,0,0,9010.351251,0,91.013649,0,0,0,0,0,0,0,0,0,0,0,0,0,0,0,0,0,0,0
"62",100004.992263,0,1010.151437,0,0,0,0,0,9278.137737,0,93.718563,0,0,0,0,0,0,0,0,0,0,0,0,0,0,0,0,0,0,0
"63",106675.49475,0,1077.53025,0,0,0,0,0,9897.00525,0,99.96975,0,0,0,0,0,0,0,0,0,0,0,0,0,0,0,0,0,0,0
"64",117030.49182,0,1182.12618,0,0,0,0,0,10857.70818,0,109.67382,0,0,0,0,0,0,0,0,0,0,0,0,0,0,0,0,0,0,0
"65",119885.137119,0,1210.960981,0,0,0,0,0,11122.552881,0,112.349019,0,0,0,0,0,0,0,0,0,0,0,0,0,0,0,0,0,0,0
"66",109975.866957,0,1110.867343,0,0,0,0,0,10203.203043,0,103.062657,0,0,0,0,0,0,0,0,0,0,0,0,0,0,0,0,0,0,0
"67",112239.833508,0,1133.735692,0,0,0,0,0,10413.246492,0,105.184308,0,0,0,0,0,0,0,0,0,0,0,0,0,0,0,0,0,0,0
"68",115528.428378,0,1166.953822,0,0,0,0,0,10718.351622,0,108.266178,0,0,0,0,0,0,0,0,0,0,0,0,0,0,0,0,0,0,0
"69",110406.192732,0,1115.214068,0,0,0,0,0,10243.127268,0,103.465932,0,0,0,0,0,0,0,0,0,0,0,0,0,0,0,0,0,0,0
"70",102497.257962,0,1035.325838,0,0,0,0,0,9509.362038,0,96.054162,0,0,0,0,0,0,0,0,0,0,0,0,0,0,0,0,0,0,0
"71",91639.459197,0,925.651103,0,0,0,0,0,8502.010803,0,85.878897,0,0,0,0,0,0,0,0,0,0,0,0,0,0,0,0,0,0,0
"72",83369.956725,0,842.120775,0,0,0,0,0,7734.793275,0,78.129225,0,0,0,0,0,0,0,0,0,0,0,0,0,0,0,0,0,0,0
"73",59978.353545,0,605.841955,0,0,0,0,0,5564.596455,0,56.208045,0,0,0,0,0,0,0,0,0,0,0,0,0,0,0,0,0,0,0
"74",46612.887948,0,470.837252,0,0,0,0,0,4324.592052,0,43.682748,0,0,0,0,0,0,0,0,0,0,0,0,0,0,0,0,0,0,0
"75",35777.737908,0,361.391292,0,0,0,0,0,3319.342092,0,33.528708,0,0,0,0,0,0,0,0,0,0,0,0,0,0,0,0,0,0,0
